variant,fold,row_id,y_true,y_pred,prob_dissatisfied,prob_neutral,prob_satisfied
main_all_school_extra_trees,1,8,neutral,dissatisfied,0.4782096765751232,0.3341407193238724,0.18764960410100417
main_all_school_extra_trees,1,13,satisfied,dissatisfied,0.43252780394700463,0.42063290780535656,0.14683928824763834
main_all_school_extra_trees,1,25,neutral,neutral,0.17838396706859905,0.5758648180299775,0.24575121490142257
main_all_school_extra_trees,1,35,dissatisfied,neutral,0.10833814190050602,0.67990133922416,0.21176051887533248
main_all_school_extra_trees,1,44,satisfied,satisfied,0.2658650274795608,0.3664260884864225,0.36770888403401697
main_all_school_extra_trees,1,46,satisfied,satisfied,0.22920050304755396,0.33163286066571657,0.4391666362867296
main_all_school_extra_trees,1,58,satisfied,neutral,0.11754835954690977,0.6200365504264549,0.262415090026634
main_all_school_extra_trees,1,62,satisfied,satisfied,0.09702491093561441,0.4273416685309868,0.4756334205333992
main_all_school_extra_trees,1,63,neutral,neutral,0.22354619981033502,0.6300095825289965,0.14644421766066748
main_all_school_extra_trees,1,68,neutral,neutral,0.18965144607752393,0.7374996291197988,0.07284892480267666
main_all_school_extra_trees,1,71,neutral,neutral,0.1633677417575034,0.6042674945910549,0.2323647636514405
main_all_school_extra_trees,1,73,neutral,neutral,0.07028292054087344,0.6822425311599682,0.24747454829915677
main_all_school_extra_trees,1,83,neutral,neutral,0.3131208178542219,0.5803640021221704,0.10651518002360691
main_all_school_extra_trees,1,84,satisfied,neutral,0.11858386850968533,0.6778649344324938,0.20355119705781954
main_all_school_extra_trees,1,89,neutral,neutral,0.22267003814276085,0.44961204834679475,0.3277179135104443
main_all_school_extra_trees,1,93,satisfied,dissatisfied,0.47009541199570165,0.39308007171246095,0.13682451629183678
main_all_school_extra_trees,1,94,neutral,satisfied,0.27241287643365963,0.2868645488661412,0.44072257470019904
main_all_school_extra_trees,1,96,satisfied,satisfied,0.12192752028183969,0.38321274088877616,0.4948597388293842
main_all_school_extra_trees,1,105,dissatisfied,neutral,0.19619264786397184,0.516567971026966,0.287239381109062
main_all_school_extra_trees,1,115,neutral,neutral,0.15379725560215016,0.5855294668077685,0.26067327759008063
main_all_school_extra_trees,1,116,satisfied,neutral,0.22261887327741164,0.39310624069456496,0.38427488602802345
main_all_school_extra_trees,1,117,neutral,neutral,0.12099446527947127,0.7184853826263404,0.16052015209418716
main_all_school_extra_trees,1,120,neutral,neutral,0.23204417715412876,0.5674299074016455,0.2005259154442253
main_all_school_extra_trees,1,131,satisfied,satisfied,0.07070044851614989,0.30978046050689967,0.6195190909769507
main_all_school_extra_trees,1,141,satisfied,satisfied,0.09316875750335965,0.27999530739092204,0.6268359351057183
main_all_school_extra_trees,1,150,neutral,neutral,0.16845100185162445,0.7059264048233431,0.1256225933250313
main_all_school_extra_trees,1,162,satisfied,neutral,0.13540561660699701,0.5638748141780365,0.3007195692149658
main_all_school_extra_trees,1,173,satisfied,neutral,0.20273039521259437,0.4414325042764771,0.3558371005109285
main_all_school_extra_trees,1,174,neutral,dissatisfied,0.4732838258523376,0.3995747128468009,0.1271414613008611
main_all_school_extra_trees,1,181,neutral,neutral,0.07856556559790848,0.764394837084028,0.15703959731806272
main_all_school_extra_trees,1,189,neutral,neutral,0.11636067529962692,0.6752898474269947,0.20834947727337683
main_all_school_extra_trees,1,190,neutral,neutral,0.11636067529962692,0.6752898474269947,0.20834947727337683
main_all_school_extra_trees,1,192,satisfied,neutral,0.04939974738723956,0.6265799123886765,0.32402034022408205
main_all_school_extra_trees,1,202,satisfied,satisfied,0.08199227813727018,0.42659122405613653,0.4914164978065936
main_all_school_extra_trees,1,204,neutral,neutral,0.1125722485607079,0.5914013588990276,0.29602639254026414
main_all_school_extra_trees,1,211,neutral,neutral,0.07111238505821332,0.7950574496827806,0.13383016525900457
main_all_school_extra_trees,1,216,satisfied,satisfied,0.048027153481734745,0.3473984032682112,0.6045744432500543
main_all_school_extra_trees,1,225,neutral,neutral,0.02042629857583059,0.5696979125374043,0.4098757888867645
main_all_school_extra_trees,1,227,satisfied,satisfied,0.08669593933541313,0.3156017262703902,0.5977023343941974
main_all_school_extra_trees,1,237,neutral,neutral,0.11728042997023955,0.6916392633327687,0.1910803066969902
main_all_school_extra_trees,1,251,satisfied,neutral,0.057928175884029716,0.7535941397771034,0.18847768433886544
main_all_school_extra_trees,1,254,satisfied,satisfied,0.06661158955675424,0.34774200118611404,0.5856464092571327
main_all_school_extra_trees,1,257,satisfied,satisfied,0.07896369482601753,0.38617239599835185,0.534863909175631
main_all_school_extra_trees,1,261,satisfied,neutral,0.06131006694336768,0.473217280047404,0.4654726530092282
main_all_school_extra_trees,1,264,satisfied,neutral,0.03956843372365965,0.6589024507527186,0.3015291155236206
main_all_school_extra_trees,1,269,neutral,neutral,0.054113656847591785,0.5685856804895396,0.3773006626628677
main_all_school_extra_trees,1,272,neutral,neutral,0.09361255331047208,0.6521694141090871,0.25421803258043946
main_all_school_extra_trees,1,278,satisfied,neutral,0.07302451299217586,0.6116033794870626,0.31537210752076067
main_all_school_extra_trees,1,280,neutral,neutral,0.08254942970200482,0.615475151088598,0.30197541920939625
main_all_school_extra_trees,1,283,satisfied,neutral,0.09361255331047208,0.6521694141090871,0.25421803258043946
main_all_school_extra_trees,1,293,neutral,neutral,0.18776531446796063,0.4173119823502557,0.3949227031817836
main_all_school_extra_trees,1,296,neutral,satisfied,0.10237401459601797,0.43901281996455804,0.4586131654394245
main_all_school_extra_trees,1,301,neutral,neutral,0.08830761724656136,0.5570249368016985,0.35466744595173905
main_all_school_extra_trees,1,305,satisfied,neutral,0.07960597568468358,0.49327513327980715,0.42711889103550876
main_all_school_extra_trees,1,307,neutral,neutral,0.04633930126973258,0.6237208667316323,0.32993983199863375
main_all_school_extra_trees,1,309,satisfied,satisfied,0.10667468407815733,0.3280844393007405,0.5652408766211029
main_all_school_extra_trees,1,314,satisfied,neutral,0.09439730986607868,0.624120126884537,0.28148256324938303
main_all_school_extra_trees,1,315,neutral,neutral,0.13066307956378126,0.6998534221983793,0.16948349823783845
main_all_school_extra_trees,1,321,neutral,neutral,0.0613631217422595,0.6876343189818073,0.25100255927593207
main_all_school_extra_trees,1,327,neutral,satisfied,0.031228535294711715,0.4786199402955614,0.49015152440972687
main_all_school_extra_trees,1,330,satisfied,neutral,0.3210291920965753,0.3864337145395364,0.29253709336388795
main_all_school_extra_trees,1,331,neutral,neutral,0.21681888967534554,0.4721949943169999,0.31098611600765363
main_all_school_extra_trees,1,332,neutral,neutral,0.03978836256389089,0.5249653410930905,0.43524629634301787
main_all_school_extra_trees,1,335,satisfied,satisfied,0.009395015168746157,0.3064859150464197,0.6841190697848347
main_all_school_extra_trees,1,338,satisfied,neutral,0.082820199519127,0.5594749334225113,0.35770486705836035
main_all_school_extra_trees,1,340,neutral,neutral,0.0340759776704579,0.6049196122027353,0.36100441012680556
main_all_school_extra_trees,1,342,neutral,satisfied,0.1005959664128189,0.3927946170677217,0.5066094165194596
main_all_school_extra_trees,1,345,neutral,neutral,0.0861503995626165,0.6271945596932107,0.2866550407441719
main_all_school_extra_trees,1,362,dissatisfied,neutral,0.16593004246721627,0.5987984990069539,0.2352714585258294
main_all_school_extra_trees,1,371,satisfied,satisfied,0.10880836694271179,0.3752190486254985,0.5159725844317898
main_all_school_extra_trees,1,375,neutral,neutral,0.10061417771738222,0.669708942396185,0.2296768798864321
main_all_school_extra_trees,1,385,neutral,neutral,0.07679008413403356,0.7776603692447456,0.14554954662121908
main_all_school_extra_trees,1,386,satisfied,neutral,0.04768320483512361,0.5854885089265828,0.36682828623829306
main_all_school_extra_trees,1,393,neutral,neutral,0.026002723607342085,0.705787257150549,0.26821001924210713
main_all_school_extra_trees,1,400,neutral,neutral,0.09246097774288749,0.5429348526261585,0.36460416963095316
main_all_school_extra_trees,1,409,satisfied,neutral,0.21733711074299317,0.480439662320703,0.3022232269363029
main_all_school_extra_trees,1,410,satisfied,neutral,0.24168892375609446,0.6091667676311977,0.14914430861270733
main_all_school_extra_trees,1,413,neutral,dissatisfied,0.39072711221554984,0.39052732297426207,0.21874556481018748
main_all_school_extra_trees,1,417,satisfied,dissatisfied,0.7420141535265996,0.15049724694749042,0.10748859952590946
main_all_school_extra_trees,1,418,neutral,dissatisfied,0.42673758543422113,0.305967652732336,0.26729476183344325
main_all_school_extra_trees,1,423,neutral,dissatisfied,0.4800737251239947,0.33669291880316754,0.1832333560728374
main_all_school_extra_trees,1,427,dissatisfied,dissatisfied,0.5193664981600139,0.29232394734657846,0.1883095544934074
main_all_school_extra_trees,1,428,neutral,dissatisfied,0.49918971241955734,0.2965170421978171,0.20429324538262547
main_all_school_extra_trees,1,435,neutral,neutral,0.12182104645118465,0.71906652586434,0.1591124276844739
main_all_school_extra_trees,1,440,satisfied,neutral,0.16522087223737783,0.45245833410832426,0.3823207936542983
main_all_school_extra_trees,1,443,satisfied,neutral,0.17590030436835222,0.6645588103866558,0.1595408852449904
main_all_school_extra_trees,1,446,neutral,dissatisfied,0.5435073413061963,0.3664059065709913,0.09008675212281114
main_all_school_extra_trees,1,448,neutral,neutral,0.38564614306710315,0.5184936218836105,0.09586023504928513
main_all_school_extra_trees,1,456,satisfied,satisfied,0.19504309493763772,0.30611898766084317,0.4988379174015186
main_all_school_extra_trees,1,461,neutral,neutral,0.1188189429192019,0.6900720766581856,0.19110898042261062
main_all_school_extra_trees,1,464,neutral,neutral,0.09064431872239843,0.5757194319468104,0.3336362493307912
main_all_school_extra_trees,1,466,neutral,neutral,0.09245550249518593,0.6043541250119141,0.3031903724928991
main_all_school_extra_trees,1,471,neutral,neutral,0.16095254665659897,0.6741589317396597,0.16488852160374046
main_all_school_extra_trees,1,473,neutral,neutral,0.1519738360133644,0.6179310415037592,0.23009512248287617
main_all_school_extra_trees,1,481,satisfied,satisfied,0.10954135056160315,0.3657649697111401,0.524693679727257
main_all_school_extra_trees,1,483,neutral,dissatisfied,0.45485714118803033,0.39949981405504115,0.14564304475692863
main_all_school_extra_trees,1,490,neutral,neutral,0.280256513373344,0.45820042802784255,0.26154305859881305
main_all_school_extra_trees,1,494,satisfied,dissatisfied,0.5625370389725937,0.2691635348247331,0.16829942620267277
main_all_school_extra_trees,1,502,satisfied,satisfied,0.12621408751457378,0.3853161358924239,0.4884697765930023
main_all_school_extra_trees,1,506,satisfied,neutral,0.2920776867502974,0.510299128742831,0.19762318450687083
main_all_school_extra_trees,1,522,satisfied,dissatisfied,0.4642476955185694,0.32973790080716775,0.20601440367426221
main_all_school_extra_trees,1,526,satisfied,neutral,0.38691081814772504,0.4537613408977189,0.15932784095455535
main_all_school_extra_trees,1,527,satisfied,neutral,0.3045482921935154,0.5576830491612113,0.13776865864527252
main_all_school_extra_trees,1,531,satisfied,satisfied,0.11324784858446037,0.2863152601911519,0.6004368912243883
main_all_school_extra_trees,1,541,neutral,neutral,0.2859034690432635,0.48191053565268843,0.2321859953040482
main_all_school_extra_trees,1,546,neutral,neutral,0.38600086162068803,0.38669669720887767,0.2273024411704331
main_all_school_extra_trees,1,550,satisfied,satisfied,0.10802384163953004,0.44239914449486345,0.4495770138656065
main_all_school_extra_trees,1,551,neutral,neutral,0.08384758655460545,0.643157090215673,0.27299532322972114
main_all_school_extra_trees,1,554,satisfied,neutral,0.09456090424106577,0.48686166511739354,0.4185774306415404
main_all_school_extra_trees,1,559,satisfied,satisfied,0.23312153479406106,0.30703110978417664,0.4598473554217619
main_all_school_extra_trees,1,562,neutral,dissatisfied,0.4138748614662332,0.3987656236579314,0.1873595148758347
main_all_school_extra_trees,1,564,neutral,dissatisfied,0.5008233456546491,0.4474280999302448,0.0517485544151057
main_all_school_extra_trees,1,565,satisfied,neutral,0.24335105509215846,0.5109534891941245,0.24569545571371618
main_all_school_extra_trees,1,576,satisfied,satisfied,0.048252775536089317,0.40909603065903555,0.5426511938048751
main_all_school_extra_trees,1,577,satisfied,satisfied,0.06442353185173905,0.2810607698694451,0.6545156982788168
main_all_school_extra_trees,1,595,neutral,neutral,0.06151380759067127,0.7472694430066046,0.19121674940272287
main_all_school_extra_trees,1,596,neutral,neutral,0.028594616877942177,0.6533218172220099,0.3180835659000483
main_all_school_extra_trees,1,598,satisfied,neutral,0.026107275551455464,0.6519363359612578,0.3219563884872853
main_all_school_extra_trees,1,604,satisfied,neutral,0.19834082713470122,0.42773704454582484,0.3739221283194738
main_all_school_extra_trees,1,608,satisfied,neutral,0.1252107295225598,0.5020025917407995,0.37278667873664095
main_all_school_extra_trees,1,615,satisfied,satisfied,0.19587818480269958,0.37337508947934256,0.43074672571795813
main_all_school_extra_trees,1,620,satisfied,neutral,0.06333203372508354,0.5743337020262206,0.36233426424869564
main_all_school_extra_trees,1,624,satisfied,neutral,0.08396969980445243,0.5974469588514622,0.3185833413440849
main_all_school_extra_trees,1,630,neutral,satisfied,0.06445528700774845,0.31042938664770914,0.6251153263445425
main_all_school_extra_trees,1,635,neutral,neutral,0.24973380857932415,0.4349450227904731,0.31532116863020243
main_all_school_extra_trees,1,636,satisfied,satisfied,0.2694228796255561,0.2717790538846337,0.4587980664898097
main_all_school_extra_trees,1,638,neutral,neutral,0.15797546041172975,0.46552353992986606,0.3765009996584038
main_all_school_extra_trees,1,639,neutral,neutral,0.12256989445511474,0.6847890234210293,0.19264108212385406
main_all_school_extra_trees,1,641,satisfied,neutral,0.20247864882485528,0.46656917071228576,0.33095218046285857
main_all_school_extra_trees,1,646,satisfied,satisfied,0.26335319128515805,0.2548306453624206,0.4818161633524213
main_all_school_extra_trees,1,648,neutral,satisfied,0.26831445706831125,0.2290134325863256,0.5026721103453632
main_all_school_extra_trees,1,650,neutral,neutral,0.13390603845438365,0.500939855972693,0.36515410557292327
main_all_school_extra_trees,1,652,satisfied,satisfied,0.19823350100904122,0.35175793817324286,0.45000856081771545
main_all_school_extra_trees,1,682,satisfied,neutral,0.22945349893444525,0.5941490251312977,0.1763974759342566
main_all_school_extra_trees,1,683,neutral,dissatisfied,0.5309760271906844,0.4150756470639743,0.05394832574534083
main_all_school_extra_trees,1,684,dissatisfied,neutral,0.3365286712073745,0.47451677280216903,0.1889545559904554
main_all_school_extra_trees,1,693,neutral,neutral,0.1851339658924092,0.5959818657440177,0.21888416836357188
main_all_school_extra_trees,1,697,satisfied,satisfied,0.09124157668932677,0.4200798082537171,0.4886786150569563
main_all_school_extra_trees,1,699,neutral,neutral,0.11365930325075761,0.6220638380164842,0.2642768587327572
main_all_school_extra_trees,1,702,satisfied,satisfied,0.07527039262190954,0.44476098250483864,0.4799686248732518
main_all_school_extra_trees,1,727,dissatisfied,dissatisfied,0.7070410705429757,0.2493006727723587,0.043658256684664484
main_all_school_extra_trees,1,742,dissatisfied,dissatisfied,0.44398845191297337,0.38192693988050946,0.1740846082065171
main_all_school_extra_trees,1,743,dissatisfied,dissatisfied,0.607168532549961,0.28792723894313776,0.10490422850690088
main_all_school_extra_trees,1,745,neutral,neutral,0.35796350819169737,0.40943662367070965,0.23259986813759245
main_all_school_extra_trees,1,753,dissatisfied,dissatisfied,0.5676654093587268,0.2693715566040965,0.16296303403717607
main_all_school_extra_trees,1,762,dissatisfied,dissatisfied,0.6301863159640044,0.3170428988816246,0.05277078515437018
main_all_school_extra_trees,1,771,neutral,neutral,0.17879411162934636,0.6445845183378037,0.17662137003284817
main_all_school_extra_trees,1,787,dissatisfied,dissatisfied,0.5179581548496514,0.345646725258373,0.13639511989197523
main_all_school_extra_trees,1,790,dissatisfied,dissatisfied,0.46937665031750125,0.4148943378973626,0.11572901178513628
main_all_school_extra_trees,1,792,dissatisfied,dissatisfied,0.6395345841482322,0.24011802790783118,0.12034738794393607
main_all_school_extra_trees,1,795,dissatisfied,neutral,0.3839001931302592,0.41151862049047744,0.20458118637926223
main_all_school_extra_trees,1,805,dissatisfied,neutral,0.23551139653857814,0.5122176149598638,0.25227098850155777
main_all_school_extra_trees,1,818,neutral,dissatisfied,0.43320129093222454,0.39004847478403054,0.17675023428374423
main_all_school_extra_trees,1,820,neutral,dissatisfied,0.4460506758228086,0.3785360234594565,0.17541330071773423
main_all_school_extra_trees,1,821,dissatisfied,dissatisfied,0.5061362681141344,0.3712244877132587,0.12263924417260617
main_all_school_extra_trees,1,822,neutral,dissatisfied,0.436118676365023,0.3486230844804494,0.21525823915452671
main_all_school_extra_trees,1,823,neutral,dissatisfied,0.5068415567141106,0.3306299164013387,0.1625285268845502
main_all_school_extra_trees,1,826,neutral,dissatisfied,0.39836408676085,0.3477995490933878,0.2538363641457618
main_all_school_extra_trees,1,830,dissatisfied,dissatisfied,0.5829364017010651,0.3782323347295149,0.03883126356941916
main_all_school_extra_trees,1,835,neutral,neutral,0.04999627091787537,0.5189934299202257,0.43101029916189887
main_all_school_extra_trees,1,851,neutral,satisfied,0.03136669659167823,0.302473516976621,0.6661597864317015
main_all_school_extra_trees,1,861,neutral,neutral,0.0988992610602478,0.4575509497427059,0.44354978919704624
main_all_school_extra_trees,1,862,satisfied,satisfied,0.09412352135789165,0.3594126029533641,0.5464638756887443
main_all_school_extra_trees,1,868,satisfied,neutral,0.07253245550665915,0.5042726809350063,0.42319486355833397
main_all_school_extra_trees,1,870,satisfied,satisfied,0.13000209914314148,0.19384856132129089,0.676149339535568
main_all_school_extra_trees,1,883,neutral,satisfied,0.09730201073355399,0.42233885327310833,0.48035913599333796
main_all_school_extra_trees,1,885,satisfied,satisfied,0.25151928162625975,0.20173119327229094,0.5467495251014496
main_all_school_extra_trees,1,904,dissatisfied,neutral,0.23153440249684656,0.4163940627875626,0.3520715347155903
main_all_school_extra_trees,1,910,neutral,neutral,0.2614066097675263,0.44437609660434313,0.2942172936281303
main_all_school_extra_trees,1,913,dissatisfied,dissatisfied,0.40832250752573973,0.21039583504714082,0.3812816574271194
main_all_school_extra_trees,1,914,satisfied,neutral,0.20006929857797692,0.5549553460787672,0.2449753553432546
main_all_school_extra_trees,1,917,dissatisfied,satisfied,0.24028699489723457,0.37691857842127724,0.38279442668148844
main_all_school_extra_trees,1,928,neutral,satisfied,0.09808218533174162,0.21929188139357922,0.6826259332746794
main_all_school_extra_trees,1,933,satisfied,satisfied,0.11727320462914019,0.18617750132592067,0.6965492940449391
main_all_school_extra_trees,1,936,satisfied,satisfied,0.07424840793918205,0.3540076621455129,0.5717439299153058
main_all_school_extra_trees,1,942,neutral,satisfied,0.11747442354270803,0.3437276505766376,0.5387979258806549
main_all_school_extra_trees,1,946,satisfied,satisfied,0.0572571113615614,0.17102609643580186,0.7717167922026366
main_all_school_extra_trees,1,947,satisfied,satisfied,0.1025704883836856,0.25508348640297807,0.6423460252133361
main_all_school_extra_trees,1,953,satisfied,satisfied,0.13730126663863393,0.3276793845277813,0.5350193488335854
main_all_school_extra_trees,1,956,neutral,satisfied,0.05646206639756588,0.3923535606565111,0.5511843729459236
main_all_school_extra_trees,1,959,satisfied,satisfied,0.160479186480265,0.2356524121466258,0.6038684013731097
main_all_school_extra_trees,1,964,satisfied,dissatisfied,0.5110937687144148,0.2761417090401412,0.21276452224544398
main_all_school_extra_trees,1,966,neutral,satisfied,0.15203179307932468,0.31940619775580087,0.5285620091648744
main_all_school_extra_trees,1,969,satisfied,satisfied,0.04905080428260431,0.27891943921222384,0.672029756505173
main_all_school_extra_trees,1,972,dissatisfied,satisfied,0.11246579907845555,0.25884938924662254,0.6286848116749221
main_all_school_extra_trees,1,979,neutral,satisfied,0.08984684667711688,0.22622037570025064,0.683932777622633
main_all_school_extra_trees,1,983,satisfied,satisfied,0.32817356551475074,0.1536116074392096,0.5182148270460396
main_all_school_extra_trees,1,984,satisfied,satisfied,0.3180194096782551,0.20387267960583866,0.4781079107159064
main_all_school_extra_trees,1,989,satisfied,satisfied,0.20804577585090914,0.23269644231812106,0.5592577818309701
main_all_school_extra_trees,1,992,satisfied,satisfied,0.23322307892207902,0.2020167679203772,0.5647601531575437
main_all_school_extra_trees,1,993,satisfied,satisfied,0.15238191947349156,0.34788553829433977,0.4997325422321692
main_all_school_extra_trees,1,995,neutral,satisfied,0.09853903786674757,0.24648354123741995,0.6549774208958328
main_all_school_extra_trees,1,1001,neutral,neutral,0.2722104405805613,0.3888673556212349,0.3389222037982041
main_all_school_extra_trees,1,1005,neutral,satisfied,0.1466931955039457,0.38107972656907513,0.47222707792697927
main_all_school_extra_trees,1,1006,neutral,neutral,0.2016534769380995,0.4354112561696941,0.3629352668922064
main_all_school_extra_trees,1,1011,dissatisfied,satisfied,0.052033380976993684,0.3357647385377064,0.6122018804853004
main_all_school_extra_trees,1,1017,satisfied,satisfied,0.14174125009187194,0.20603430572294887,0.6522244441851796
main_all_school_extra_trees,1,1021,satisfied,neutral,0.027168213512645017,0.6062891296251417,0.3665426568622121
main_all_school_extra_trees,1,1023,satisfied,satisfied,0.038512678423783676,0.38402389919047614,0.5774634223857399
main_all_school_extra_trees,1,1027,satisfied,satisfied,0.037887218214003156,0.31722528354453594,0.6448874982414612
main_all_school_extra_trees,1,1028,satisfied,satisfied,0.0855754168051314,0.2810254682387787,0.6333991149560902
main_all_school_extra_trees,1,1030,satisfied,satisfied,0.12112253755694952,0.41964100327329895,0.4592364591697513
main_all_school_extra_trees,1,1031,satisfied,satisfied,0.0615476805849516,0.15062210288315536,0.7878302165318934
main_all_school_extra_trees,1,1034,neutral,satisfied,0.22008840333649923,0.3014580617327876,0.47845353493071296
main_all_school_extra_trees,1,1036,satisfied,satisfied,0.07804842240002229,0.18516990336127057,0.7367816742387079
main_all_school_extra_trees,1,1045,satisfied,neutral,0.11201691495056601,0.5253968132719108,0.3625862717775226
main_all_school_extra_trees,1,1048,satisfied,satisfied,0.07085936224015581,0.31617710669980215,0.6129635310600426
main_all_school_extra_trees,1,1049,satisfied,satisfied,0.14486048153361378,0.2706630214536928,0.5844764970126937
main_all_school_extra_trees,1,1053,satisfied,satisfied,0.029985243217891783,0.39404613028805524,0.5759686264940538
main_all_school_extra_trees,1,1063,satisfied,satisfied,0.040092220822724955,0.2983344372814748,0.661573341895801
main_all_school_extra_trees,1,1066,neutral,satisfied,0.1032089038026062,0.18687195626247582,0.7099191399349186
main_all_school_extra_trees,1,1067,satisfied,satisfied,0.04954072894930315,0.3155491921142521,0.634910078936445
main_all_school_extra_trees,1,1072,satisfied,satisfied,0.04143078428762705,0.3280974597088585,0.6304717560035147
main_all_school_extra_trees,1,1077,satisfied,satisfied,0.03841240243112423,0.30107104375111593,0.6605165538177605
main_all_school_extra_trees,1,1083,satisfied,satisfied,0.05076919767586469,0.18609073545795268,0.7631400668661833
main_all_school_extra_trees,1,1088,satisfied,satisfied,0.0735500913727404,0.1907292530898615,0.7357206555373987
main_all_school_extra_trees,1,1092,satisfied,satisfied,0.19401733442682612,0.22618152611115266,0.579801139462021
main_all_school_extra_trees,1,1095,neutral,satisfied,0.22832758811914058,0.36876341847871574,0.40290899340214376
main_all_school_extra_trees,1,1097,satisfied,dissatisfied,0.5079502573113676,0.230271449185449,0.26177829350318327
main_all_school_extra_trees,1,1098,neutral,satisfied,0.24110400206313462,0.1757828162109425,0.5831131817259225
main_all_school_extra_trees,1,1104,satisfied,satisfied,0.21018305414811111,0.20099169485104137,0.5888252510008473
main_all_school_extra_trees,1,1105,satisfied,satisfied,0.09907216518822558,0.21253244935881127,0.6883953854529632
main_all_school_extra_trees,1,1110,satisfied,satisfied,0.10705057372393363,0.32284693299497136,0.5701024932810953
main_all_school_extra_trees,1,1113,satisfied,satisfied,0.29762872680318186,0.32229483334049075,0.38007643985632755
main_all_school_extra_trees,1,1122,satisfied,satisfied,0.17332501031314634,0.23850347990067255,0.5881715097861815
main_all_school_extra_trees,1,1124,neutral,satisfied,0.20502896159916142,0.37218930504935616,0.4227817333514825
main_all_school_extra_trees,1,1131,neutral,neutral,0.16962127211548955,0.4815867576165494,0.3487919702679615
main_all_school_extra_trees,1,1147,satisfied,satisfied,0.04567663116526214,0.29651619227085557,0.6578071765638831
main_all_school_extra_trees,1,1153,satisfied,satisfied,0.1240548669027696,0.4365135710119336,0.43943156208529655
main_all_school_extra_trees,1,1154,satisfied,neutral,0.1561235877835014,0.5099987417565514,0.33387767045994676
main_all_school_extra_trees,1,1158,neutral,neutral,0.3782883009384029,0.40080263072750255,0.22090906833409385
main_all_school_extra_trees,1,1166,satisfied,satisfied,0.1263560403652599,0.41498950659528533,0.4586544530394546
main_all_school_extra_trees,1,1168,satisfied,satisfied,0.05893062816330895,0.3013544165802582,0.6397149552564338
main_all_school_extra_trees,1,1175,satisfied,satisfied,0.06905962603821379,0.42416704232686525,0.5067733316349211
main_all_school_extra_trees,1,1176,satisfied,neutral,0.08523578432456565,0.4767509883560794,0.4380132273193551
main_all_school_extra_trees,1,1178,neutral,satisfied,0.06070464829010086,0.3364838183768506,0.602811533333049
main_all_school_extra_trees,1,1183,satisfied,neutral,0.04391975028832945,0.5634808499696444,0.3925993997420257
main_all_school_extra_trees,1,1186,satisfied,satisfied,0.12717313679719278,0.3941437097088583,0.47868315349394913
main_all_school_extra_trees,1,1187,satisfied,neutral,0.33398211301491254,0.377856884548682,0.28816100243640536
main_all_school_extra_trees,1,1191,satisfied,neutral,0.20953569046064274,0.44953497054461894,0.3409293389947375
main_all_school_extra_trees,1,1203,dissatisfied,dissatisfied,0.45914199062098343,0.22570847964862464,0.3151495297303913
main_all_school_extra_trees,1,1210,satisfied,satisfied,0.13739062170145921,0.22773394710190487,0.6348754311966364
main_all_school_extra_trees,1,1216,satisfied,satisfied,0.21133394524705698,0.26661253639149673,0.522053518361447
main_all_school_extra_trees,1,1220,satisfied,satisfied,0.12850879496641418,0.4184553288970892,0.4530358761364966
main_all_school_extra_trees,1,1224,neutral,neutral,0.23335931962578818,0.5172829527172816,0.24935772765693034
main_all_school_extra_trees,1,1228,neutral,dissatisfied,0.4904640084427339,0.3004452802210304,0.20909071133623539
main_all_school_extra_trees,1,1238,neutral,neutral,0.1362929074586566,0.5201730725605357,0.34353401998080607
main_all_school_extra_trees,1,1241,satisfied,neutral,0.034132696557055586,0.4913247554111204,0.47454254803182394
main_all_school_extra_trees,1,1246,satisfied,neutral,0.07707748414931431,0.5489075853558462,0.3740149304948392
main_all_school_extra_trees,1,1253,satisfied,neutral,0.07807603770655677,0.48351591813873257,0.4384080441547106
main_all_school_extra_trees,1,1260,satisfied,neutral,0.17487403483053493,0.44236410734783776,0.38276185782162764
main_all_school_extra_trees,1,1265,satisfied,satisfied,0.12350285655239589,0.30735371906782133,0.569143424379783
main_all_school_extra_trees,1,1266,neutral,satisfied,0.029932897120007074,0.31394030479996565,0.6561267980800282
main_all_school_extra_trees,1,1269,satisfied,satisfied,0.06754909133020932,0.38306433519096694,0.5493865734788237
main_all_school_extra_trees,1,1270,satisfied,satisfied,0.1152811734418695,0.2606905780761826,0.6240282484819482
main_all_school_extra_trees,1,1272,satisfied,satisfied,0.04259599569482874,0.2931887491187244,0.6642152551864475
main_all_school_extra_trees,1,1277,satisfied,satisfied,0.03130695213798981,0.4340832215646763,0.5346098262973339
main_all_school_extra_trees,1,1278,satisfied,satisfied,0.029995775922881843,0.38188105675913303,0.5881231673179851
main_all_school_extra_trees,1,1279,satisfied,satisfied,0.0036931288282546467,0.23618117764911753,0.760125693522629
main_all_school_extra_trees,1,1284,satisfied,satisfied,0.01353472904527115,0.19485821211836835,0.7916070588363604
main_all_school_extra_trees,1,1294,satisfied,satisfied,0.007102806994280705,0.22215966778522203,0.7707375252204978
main_all_school_extra_trees,1,1303,neutral,satisfied,0.06223964794410546,0.431937446254,0.5058229058018944
main_all_school_extra_trees,1,1310,neutral,neutral,0.0740429649400393,0.6118426016442522,0.31411443341570766
main_all_school_extra_trees,1,1312,neutral,satisfied,0.034485186823504065,0.4724899068893791,0.4930249062871168
main_all_school_extra_trees,1,1314,satisfied,neutral,0.03705654125091578,0.6030911410285753,0.35985231772050785
main_all_school_extra_trees,1,1317,satisfied,neutral,0.057006772805982556,0.48317941797600616,0.45981380921801107
main_all_school_extra_trees,1,1319,neutral,neutral,0.07277009936887369,0.5335093697445383,0.3937205308865872
main_all_school_extra_trees,1,1327,neutral,satisfied,0.01476206076603981,0.4157699973444125,0.5694679418895484
main_all_school_extra_trees,1,1330,neutral,neutral,0.12287286111649746,0.7636571003623218,0.11347003852117973
main_all_school_extra_trees,1,1335,satisfied,neutral,0.02806641175439482,0.6510495644322948,0.32088402381330866
main_all_school_extra_trees,1,1340,satisfied,satisfied,0.0027407019089351397,0.4018300117418344,0.5954292863492311
main_all_school_extra_trees,1,1341,dissatisfied,dissatisfied,0.503102519272913,0.3986598644545551,0.09823761627253183
main_all_school_extra_trees,1,1343,satisfied,satisfied,0.05168304120584442,0.2673585037186148,0.6809584550755414
main_all_school_extra_trees,1,1346,neutral,neutral,0.10212362399465509,0.5304743153694292,0.36740206063591513
main_all_school_extra_trees,1,1348,satisfied,satisfied,0.013583364439116126,0.4849416862930743,0.5014749492678098
main_all_school_extra_trees,1,1354,satisfied,satisfied,0.13956072433346792,0.27259790025943764,0.5878413754070948
main_all_school_extra_trees,1,1357,satisfied,satisfied,0.11014555865731308,0.34673489266432583,0.5431195486783609
main_all_school_extra_trees,1,1358,satisfied,satisfied,0.06497557216316269,0.4622408309524282,0.472783596884409
main_all_school_extra_trees,1,1362,neutral,satisfied,0.10893331198228828,0.3294239857077396,0.5616427023099725
main_all_school_extra_trees,1,1367,satisfied,dissatisfied,0.4774235181151487,0.3849691838755187,0.13760729800933225
main_all_school_extra_trees,1,1380,satisfied,satisfied,0.03374787768249003,0.2358334922344959,0.7304186300830147
main_all_school_extra_trees,1,1385,satisfied,satisfied,0.06769370110975431,0.3923439307080047,0.5399623681822411
main_all_school_extra_trees,1,1400,neutral,neutral,0.08033465352563283,0.6323315165637099,0.28733382991065565
main_all_school_extra_trees,1,1406,satisfied,satisfied,0.20295857140259557,0.2986779818256915,0.4983634467717127
main_all_school_extra_trees,1,1411,neutral,neutral,0.34619252960857005,0.4312243119349267,0.22258315845650217
main_all_school_extra_trees,1,1412,satisfied,satisfied,0.1271085643710577,0.35293652630652916,0.5199549093224137
main_all_school_extra_trees,1,1418,neutral,neutral,0.21220021358811117,0.47947567410703024,0.308324112304858
main_all_school_extra_trees,1,1419,satisfied,satisfied,0.06467041577610771,0.3110099201066161,0.6243196641172769
main_all_school_extra_trees,1,1425,neutral,neutral,0.18243972933934266,0.5159534873174063,0.3016067833432502
main_all_school_extra_trees,1,1428,neutral,satisfied,0.11330698619857872,0.33542440747160585,0.5512686063298163
main_all_school_extra_trees,1,1433,neutral,satisfied,0.23766709028537508,0.2733276245946096,0.48900528512001584
main_all_school_extra_trees,1,1436,neutral,neutral,0.2933753022048065,0.4721028657924185,0.23452183200277488
main_all_school_extra_trees,1,1437,neutral,satisfied,0.033123605970754796,0.19056579926455763,0.776310594764688
main_all_school_extra_trees,1,1448,satisfied,satisfied,0.04074633049260109,0.23299283516687833,0.7262608343405206
main_all_school_extra_trees,1,1450,satisfied,satisfied,0.03714844024219264,0.22422619786637513,0.7386253618914319
main_all_school_extra_trees,1,1451,satisfied,satisfied,0.05368776888529122,0.24591346382664317,0.7003987672880654
main_all_school_extra_trees,1,1454,neutral,satisfied,0.062116592738148006,0.251836179417119,0.6860472278447327
main_all_school_extra_trees,1,1455,neutral,neutral,0.11620138411994256,0.6500008470497709,0.23379776883028472
main_all_school_extra_trees,1,1456,satisfied,satisfied,0.024107547613538276,0.15957977176214758,0.8163126806243145
main_all_school_extra_trees,1,1463,satisfied,satisfied,0.0047622292572338885,0.07930895583816693,0.9159288149046
main_all_school_extra_trees,1,1465,neutral,neutral,0.05398395834523696,0.6689157866077331,0.2771002550470286
main_all_school_extra_trees,1,1471,neutral,neutral,0.04926392044358048,0.6910968030169031,0.25963927653951496
main_all_school_extra_trees,1,1491,satisfied,satisfied,0.0034765494866539765,0.017835515022226345,0.9786879354911199
main_all_school_extra_trees,1,1508,neutral,neutral,0.2943250094768157,0.41511480566842074,0.29056018485476365
main_all_school_extra_trees,1,1509,dissatisfied,neutral,0.21884322706284787,0.46571691688559125,0.3154398560515613
main_all_school_extra_trees,1,1512,neutral,neutral,0.06401196185915557,0.614670049022057,0.32131798911878606
main_all_school_extra_trees,1,1518,neutral,satisfied,0.33276240276247365,0.20967233150594713,0.4575652657315789
main_all_school_extra_trees,1,1519,satisfied,neutral,0.10594453057168662,0.5131137091621277,0.38094176026618476
main_all_school_extra_trees,1,1526,neutral,satisfied,0.05062622256161193,0.44705750508273207,0.5023162723556562
main_all_school_extra_trees,1,1530,satisfied,neutral,0.09278850486018105,0.5544027137034456,0.3528087814363721
main_all_school_extra_trees,1,1537,satisfied,satisfied,0.24807073491305934,0.34967441127244986,0.40225485381449094
main_all_school_extra_trees,1,1544,satisfied,satisfied,0.04694049515708467,0.21866871131184154,0.7343907935310745
main_all_school_extra_trees,1,1548,satisfied,satisfied,0.012354296922947108,0.09903021721625295,0.8886154858608
main_all_school_extra_trees,1,1550,neutral,satisfied,0.0,0.3164007560567304,0.6835992439432705
main_all_school_extra_trees,1,1551,satisfied,satisfied,0.00578898328823765,0.3979175367923859,0.5962934799193764
main_all_school_extra_trees,1,1552,neutral,satisfied,0.01815255309193878,0.2623910755437959,0.7194563713642657
main_all_school_extra_trees,1,1565,neutral,satisfied,0.020824033688858185,0.41433409433944446,0.5648418719716979
main_all_school_extra_trees,1,1569,satisfied,satisfied,0.014779240419597758,0.08634665643141419,0.8988741031489883
main_all_school_extra_trees,1,1579,neutral,neutral,0.01448142992517739,0.918364454462527,0.06715411561229515
main_all_school_extra_trees,1,1580,satisfied,satisfied,0.0015360175631702628,0.05884202794458798,0.9396219544922417
main_all_school_extra_trees,1,1583,satisfied,satisfied,0.013988850326500537,0.08262451971278105,0.9033866299607187
main_all_school_extra_trees,1,1590,satisfied,satisfied,0.01286525826878532,0.4890361431739635,0.4980985985572511
main_all_school_extra_trees,1,1591,satisfied,satisfied,0.004820386767057992,0.03646955498224982,0.9587100582506923
main_all_school_extra_trees,1,1593,satisfied,satisfied,0.02011181103476935,0.11578538388140239,0.864102805083828
main_all_school_extra_trees,1,1594,satisfied,satisfied,0.029484043074023022,0.2352914335170492,0.7352245234089284
main_all_school_extra_trees,1,1597,neutral,satisfied,0.0,0.20100580996198525,0.7989941900380161
main_all_school_extra_trees,1,1605,satisfied,satisfied,0.2784727402049736,0.32050561019905,0.4010216495959766
main_all_school_extra_trees,1,1610,satisfied,satisfied,0.1638905299403111,0.3641923816073421,0.4719170884523471
main_all_school_extra_trees,1,1616,satisfied,satisfied,0.08174360569686678,0.3008784496583943,0.6173779446447394
main_all_school_extra_trees,1,1619,satisfied,satisfied,0.03292742457356208,0.14635774770317952,0.8207148277232589
main_all_school_extra_trees,1,1620,satisfied,satisfied,0.01938202735896384,0.0959573555854779,0.884660617055558
main_all_school_extra_trees,1,1622,satisfied,satisfied,0.023727671144133728,0.1944806660195712,0.7817916628362954
main_all_school_extra_trees,1,1635,satisfied,satisfied,0.007023518729843566,0.06565485848876827,0.927321622781388
main_all_school_extra_trees,1,1637,satisfied,satisfied,0.04067545957148131,0.13525448190499537,0.8240700585235234
main_all_school_extra_trees,1,1639,neutral,neutral,0.05725417176346727,0.7104577068592917,0.2322881213772394
main_all_school_extra_trees,1,1640,satisfied,satisfied,0.013805967494781763,0.03749933281320426,0.9486946996920141
main_all_school_extra_trees,1,1652,satisfied,satisfied,0.02121663303006866,0.07170043391823976,0.9070829330516916
main_all_school_extra_trees,1,1658,satisfied,satisfied,0.00323269226919853,0.03469053373717291,0.9620767739936288
main_all_school_extra_trees,1,1666,satisfied,neutral,0.04426805228426563,0.612107347917893,0.34362459979784066
main_all_school_extra_trees,1,1667,satisfied,satisfied,0.04573903702258614,0.1311788455628189,0.8230821174145945
main_all_school_extra_trees,1,1676,neutral,neutral,0.014858741045873031,0.5076308048833247,0.47751045407080217
main_all_school_extra_trees,1,1680,satisfied,satisfied,0.00707591945967365,0.1243372268533066,0.8685868536870199
main_all_school_extra_trees,1,1683,neutral,satisfied,0.007968055432155166,0.4213931520037192,0.5706387925641262
main_all_school_extra_trees,1,1685,satisfied,neutral,0.11489147795765225,0.7339361257155789,0.15117239632676735
main_all_school_extra_trees,1,1686,satisfied,satisfied,0.02630480064397091,0.3926357706828175,0.5810594286732121
main_all_school_extra_trees,1,1698,neutral,neutral,0.026108008876914408,0.4876806362906354,0.48621135483245015
main_all_school_extra_trees,1,1699,satisfied,neutral,0.08810337131704249,0.8013180609456646,0.11057856773729265
main_all_school_extra_trees,1,1702,satisfied,satisfied,0.020115088773953103,0.39703928574680014,0.5828456254792472
main_all_school_extra_trees,1,1719,neutral,neutral,0.03996516983656875,0.8000832011370421,0.1599516290263882
main_all_school_extra_trees,1,1720,neutral,satisfied,0.02855224484062068,0.43802266816832863,0.533425086991051
main_all_school_extra_trees,1,1725,satisfied,satisfied,0.007594666252205883,0.07556099183552913,0.9168443419122654
main_all_school_extra_trees,1,1726,satisfied,neutral,0.07021308206660858,0.76668558057577,0.16310133735762003
main_all_school_extra_trees,1,1732,satisfied,satisfied,0.02829328792976749,0.111642968106723,0.8600637439635099
main_all_school_extra_trees,1,1733,satisfied,satisfied,0.15369664310211464,0.3567007882452527,0.48960256865263324
main_all_school_extra_trees,1,1740,neutral,neutral,0.266058901653546,0.4683064253922287,0.26563467295422544
main_all_school_extra_trees,1,1759,satisfied,satisfied,0.21147554663340926,0.170960221460585,0.6175642319060057
main_all_school_extra_trees,1,1766,satisfied,satisfied,0.024772342854340514,0.4170904600644043,0.5581371970812555
